1,1,119.99,330.17,139.86,64.13999999999999,1,1,1.0
1,2,729.99,264.65,74.96000000000004,44.04000000000002,1,1,1.0
1,3,204.45,247.07,103.44999999999999,48.620000000000005,1,1,1.0
2,1,99.12,337.9,139.87,64.14000000000004,1,1,1.0
2,2,716.85,266.96,74.95999999999992,44.05000000000001,1,1,1.0
2,3,204.45,247.07,103.44999999999999,48.620000000000005,1,1,1.0
3,1,74.4,337.9,139.85999999999999,66.40000000000003,1,1,1.0
3,2,707.58,266.96,74.95999999999992,44.05000000000001,1,1,1.0
3,3,204.45,247.07,103.44999999999999,48.620000000000005,1,1,1.0
4,1,45.8,344.08,145.28000000000003,66.40000000000003,1,1,1.0
4,2,692.9,270.06,74.96000000000004,44.04000000000002,1,1,1.0
4,3,204.45,247.07,103.44999999999999,48.620000000000005,1,1,1.0
5,1,23.39,348.72,145.27999999999997,66.39999999999998,1,1,1.0
5,2,677.44,272.37,74.95999999999992,44.05000000000001,1,1,1.0
5,3,204.45,247.07,103.44999999999999,48.620000000000005,1,1,1.0
6,1,0.98,348.72,145.28,72.57999999999998,1,1,1.0
6,2,661.22,273.15,80.40999999999997,45.610000000000014,1,1,1.0
6,3,204.45,247.07,103.44999999999999,48.620000000000005,1,1,1.0
7,1,0.98,348.72,124.42,72.57999999999998,1,1,1.0
7,2,648.85,274.69,80.40999999999997,45.620000000000005,1,1,1.0
7,3,204.45,247.07,103.44999999999999,48.620000000000005,1,1,1.0
8,1,0.98,348.72,102.82,81.07999999999998,1,1,1.0
8,2,636.49,277.01,80.40999999999997,45.620000000000005,1,1,1.0
8,3,204.45,247.07,103.44999999999999,48.620000000000005,1,1,1.0
9,1,0.98,356.4,79.61999999999999,73.40000000000003,1,1,1.0
9,2,621.04,280.1,80.41000000000008,45.620000000000005,1,1,1.0
9,3,204.45,247.07,103.44999999999999,48.620000000000005,1,1,1.0
10,1,0.98,358.7,54.92,71.10000000000002,1,1,1.0
10,2,606.35,281.65,80.40999999999997,45.610000000000014,1,1,1.0
10,3,204.45,247.07,103.44999999999999,48.620000000000005,1,1,1.0
11,1,0.98,374.9,29.419999999999998,54.900000000000034,1,1,1.0
11,2,587.81,283.96,88.8900000000001,45.64000000000004,1,1,1.0
11,3,204.45,247.07,103.44999999999999,48.620000000000005,1,1,1.0
12,2,573.9,285.51,88.88999999999999,45.639999999999986,1,1,1.0
12,3,204.45,247.07,103.44999999999999,48.620000000000005,1,1,1.0
13,2,558.44,289.38,88.89999999999998,45.629999999999995,1,1,1.0
13,3,204.45,247.07,103.44999999999999,48.620000000000005,1,1,1.0
14,2,542.21,290.92,88.89999999999998,45.639999999999986,1,1,1.0
14,3,204.45,247.07,103.44999999999999,48.620000000000005,1,1,1.0
15,2,526.76,292.47,91.97000000000003,47.19,1,1,1.0
15,3,204.45,247.07,103.44999999999999,48.620000000000005,1,1,1.0
16,2,509.76,295.56,94.24000000000001,51.04000000000002,1,1,1.0
16,3,204.45,247.07,103.44999999999999,48.620000000000005,1,1,1.0
17,2,494.31,299.42,94.22999999999996,51.039999999999964,1,1,1.0
17,3,204.45,247.07,103.44999999999999,48.620000000000005,1,1,1.0
18,2,471.9,300.2,102.70000000000005,51.04000000000002,1,1,1.0
18,3,204.45,247.07,103.44999999999999,48.620000000000005,1,1,1.0
19,2,453.35,299.42,106.54999999999995,54.879999999999995,1,1,1.0
19,3,204.45,247.07,103.44999999999999,48.620000000000005,1,1,1.0
20,2,434.81,302.51,106.55000000000001,54.879999999999995,1,1,1.0
20,3,204.45,247.07,103.44999999999999,48.620000000000005,1,1,1.0
21,2,420.9,306.38,106.55000000000007,54.870000000000005,1,1,1.0
21,3,204.45,247.07,103.44999999999999,48.620000000000005,1,1,1.0
22,2,404.67,306.4,106.55000000000001,63.400000000000034,1,1,1.0
22,3,204.45,247.07,103.44999999999999,48.620000000000005,1,1,1.0
23,2,386.9,308.72,106.54000000000002,63.39999999999998,1,1,1.0
23,3,204.45,247.07,103.44999999999999,48.620000000000005,1,1,1.0
24,2,369.12,312.58,106.55000000000001,63.400000000000034,1,1,1.0
24,3,204.45,247.07,103.44999999999999,48.620000000000005,1,1,1.0
25,2,345.94,317.22,113.54000000000002,63.39999999999998,1,1,1.0
25,3,204.45,247.07,103.44999999999999,48.620000000000005,1,1,1.0
26,2,328.17,318.76,113.53999999999996,63.400000000000034,1,1,1.0
26,3,204.45,247.07,103.44999999999999,48.620000000000005,1,1,1.0
27,2,308.85,323.4,113.53999999999996,63.400000000000034,1,1,1.0
27,3,204.45,247.07,103.44999999999999,48.620000000000005,1,1,1.0
28,2,286.44,325.72,113.54000000000002,63.39999999999998,1,1,1.0
28,3,204.45,247.07,103.44999999999999,48.620000000000005,1,1,1.0
29,2,258.5,332.67,126.02999999999997,67.52999999999997,1,1,1.0
29,3,204.45,247.07,103.44999999999999,48.620000000000005,1,1,1.0
30,2,237.7,333.4,129.8,68.90000000000003,1,1,1.0
30,3,204.45,247.07,103.44999999999999,48.620000000000005,1,1,1.0
31,2,214.2,333.4,129.3,77.5,1,1,1.0
31,3,204.45,247.07,103.44999999999999,48.620000000000005,1,1,1.0
32,2,193.4,341.9,133.1,73.20000000000005,1,1,1.0
32,3,204.45,247.07,103.44999999999999,48.620000000000005,1,1,1.0
33,2,169.9,341.9,136.49999999999997,89.90000000000003,1,1,1.0
33,3,204.45,247.07,103.44999999999999,48.620000000000005,1,1,1.0
34,2,150.5,349.3,139.7,75.59999999999997,1,1,1.0
34,3,204.45,247.07,103.44999999999999,48.620000000000005,1,1,1.0
35,2,120.1,345.2,156.29999999999998,82.5,1,1,1.0
35,3,204.45,247.07,103.44999999999999,48.620000000000005,1,1,1.0
36,2,96.56,356.28,156.3,82.5,1,1,1.0
36,3,204.45,247.07,103.44999999999999,48.620000000000005,1,1,1.0
37,2,71.63,363.2,156.3,82.5,1,1,1.0
37,3,204.45,247.07,103.44999999999999,48.620000000000005,1,1,1.0
38,2,39.78,371.51,156.3,82.5,1,1,1.0
38,3,204.45,247.07,103.44999999999999,48.620000000000005,1,1,1.0
39,2,20.39,371.51,156.3,82.5,1,1,1.0
39,3,204.45,247.07,103.44999999999999,48.620000000000005,1,1,1.0
40,2,1.39,370.18,161.41000000000003,92.13999999999999,1,1,1.0
40,3,204.45,247.07,103.44999999999999,48.620000000000005,1,1,1.0
41,2,1.39,370.18,130.91000000000003,92.13999999999999,1,1,1.0
41,3,204.45,247.07,103.44999999999999,48.620000000000005,1,1,1.0
42,2,1.39,370.18,103.21,92.13999999999999,1,1,1.0
42,3,204.45,247.07,103.44999999999999,48.620000000000005,1,1,1.0
43,2,1.39,386.8,83.81,75.51999999999998,1,1,1.0
43,3,204.45,247.07,103.44999999999999,48.620000000000005,1,1,1.0
44,2,1.39,386.8,57.51,75.51999999999998,1,1,1.0
44,3,204.45,247.07,103.44999999999999,48.620000000000005,1,1,1.0
45,2,1.39,411.7,29.81,50.620000000000005,1,1,1.0
45,3,204.45,247.07,103.44999999999999,48.620000000000005,1,1,1.0
46,3,204.45,247.07,103.44999999999999,48.620000000000005,1,1,1.0
47,3,204.45,247.07,103.44999999999999,48.620000000000005,1,1,1.0
48,3,204.45,247.07,103.44999999999999,48.620000000000005,1,1,1.0
49,3,204.45,247.07,103.44999999999999,48.620000000000005,1,1,1.0
50,3,204.45,247.07,103.44999999999999,48.620000000000005,1,1,1.0
51,3,204.45,247.07,103.44999999999999,48.620000000000005,1,1,1.0
51,4,952.3,243.49,7.7000000000000455,42.89999999999998,1,1,1.0
52,3,204.45,247.07,103.44999999999999,48.620000000000005,1,1,1.0
52,4,946.3,227.5,13.700000000000045,58.889999999999986,1,1,1.0
53,3,204.45,247.07,103.44999999999999,48.620000000000005,1,1,1.0
53,4,939.8,226.0,20.200000000000045,60.389999999999986,1,1,1.0
54,3,204.45,247.07,103.44999999999999,48.620000000000005,1,1,1.0
54,4,932.3,226.0,27.700000000000045,60.389999999999986,1,1,1.0
55,3,204.45,247.07,103.44999999999999,48.620000000000005,1,1,1.0
55,4,932.3,226.0,27.700000000000045,65.89999999999998,1,1,1.0
56,3,204.45,247.07,103.44999999999999,48.620000000000005,1,1,1.0
56,4,922.8,225.0,37.200000000000045,66.89999999999998,1,1,1.0
57,3,204.45,247.07,103.44999999999999,48.620000000000005,1,1,1.0
57,4,922.8,225.0,37.200000000000045,69.89999999999998,1,1,1.0
58,3,204.45,247.07,103.44999999999999,48.620000000000005,1,1,1.0
58,4,917.3,224.0,42.700000000000045,73.89999999999998,1,1,1.0
59,3,204.45,247.07,103.44999999999999,48.620000000000005,1,1,1.0
59,4,913.8,224.0,46.200000000000045,73.89999999999998,1,1,1.0
60,3,204.45,247.07,103.44999999999999,48.620000000000005,1,1,1.0
60,4,905.8,224.0,54.200000000000045,73.89999999999998,1,1,1.0
61,3,204.45,247.07,103.44999999999999,48.620000000000005,1,1,1.0
61,4,898.8,224.0,61.200000000000045,74.39999999999998,1,1,1.0
62,3,204.45,247.07,103.44999999999999,48.620000000000005,1,1,1.0
62,4,891.3,224.0,68.70000000000005,77.39999999999998,1,1,1.0
63,3,204.45,247.07,103.44999999999999,48.620000000000005,1,1,1.0
63,4,887.3,224.0,72.70000000000005,81.39999999999998,1,1,1.0
64,3,204.45,247.07,103.44999999999999,48.620000000000005,1,1,1.0
64,4,880.8,224.0,79.20000000000005,81.39999999999998,1,1,1.0
65,3,204.45,247.07,103.44999999999999,48.620000000000005,1,1,1.0
65,4,877.8,224.0,82.20000000000005,81.39999999999998,1,1,1.0
65,5,875.21,238.98,21.459999999999923,38.440000000000026,1,1,0.0
66,3,204.45,247.07,103.44999999999999,48.620000000000005,1,1,1.0
66,4,872.8,224.0,87.20000000000005,81.39999999999998,1,1,1.0
66,5,871.2,238.98,25.469999999999914,38.430000000000035,1,1,0.0
67,3,204.45,247.07,103.44999999999999,48.620000000000005,1,1,1.0
67,4,861.8,224.0,98.20000000000005,86.89999999999998,1,1,1.0
67,5,867.2,238.98,29.469999999999914,38.41999999999999,1,1,0.0
68,3,204.45,247.07,103.44999999999999,48.620000000000005,1,1,1.0
68,4,852.3,224.0,107.70000000000005,86.89999999999998,1,1,1.0
68,5,857.4,238.98,39.26999999999998,38.41999999999999,1,1,0.0
69,3,204.45,247.07,103.44999999999999,48.620000000000005,1,1,1.0
69,4,848.8,224.0,111.20000000000005,87.39999999999998,1,1,1.0
69,5,851.6,238.98,39.299999999999955,38.41999999999999,1,1,0.0
70,3,204.45,247.07,103.44999999999999,48.620000000000005,1,1,1.0
70,4,848.8,224.0,111.20000000000005,90.39999999999998,1,1,1.0
70,5,841.79,243.02,39.30000000000007,38.41999999999999,1,1,0.0
71,3,204.45,247.07,103.44999999999999,48.620000000000005,1,1,1.0
71,4,836.3,224.0,123.70000000000005,90.39999999999998,1,1,1.0
71,5,834.86,245.9,39.299999999999955,38.42999999999998,1,1,0.0
72,3,204.45,247.07,103.44999999999999,48.620000000000005,1,1,1.0
72,4,829.3,224.0,130.70000000000005,93.39999999999998,1,1,1.0
72,5,827.36,247.06,39.299999999999955,38.420000000000016,1,1,0.0
73,3,204.45,247.07,103.44999999999999,48.620000000000005,1,1,1.0
73,4,824.3,224.0,135.70000000000005,93.39999999999998,1,1,1.0
73,5,816.39,248.79,39.30000000000007,38.41999999999999,1,1,0.0
74,3,204.45,247.07,103.44999999999999,48.620000000000005,1,1,1.0
74,4,816.3,224.0,143.70000000000005,96.89999999999998,1,1,1.0
74,5,809.46,249.95,39.299999999999955,38.420000000000016,1,1,0.0
75,3,204.45,247.07,103.44999999999999,48.620000000000005,1,1,1.0
75,4,810.3,224.0,149.70000000000005,97.39999999999998,1,1,1.0
75,5,801.38,252.83,39.299999999999955,38.41999999999999,1,1,0.0
76,3,204.45,247.07,103.44999999999999,48.620000000000005,1,1,1.0
76,4,801.8,226.49,158.20000000000005,97.39999999999998,1,1,1.0
76,5,788.68,255.72,39.30000000000007,38.41999999999999,1,1,0.0
77,3,204.45,247.07,103.44999999999999,48.620000000000005,1,1,1.0
77,4,796.8,230.0,163.20000000000005,95.39999999999998,1,1,1.0
77,5,780.02,255.72,39.30000000000007,38.41999999999999,1,1,0.0
78,3,204.45,247.07,103.44999999999999,48.620000000000005,1,1,1.0
78,4,791.8,230.0,168.20000000000005,97.39999999999998,1,1,1.0
78,5,773.1,256.87,39.299999999999955,38.420000000000016,1,1,0.0
79,3,204.45,247.07,103.44999999999999,48.620000000000005,1,1,1.0
79,4,775.3,230.0,178.20000000000005,97.39999999999998,1,1,1.0
79,5,765.02,256.87,39.30000000000007,38.420000000000016,1,1,0.0
79,6,927.37,234.3,32.629999999999995,36.20999999999998,1,1,0.0
80,3,204.45,247.07,103.44999999999999,48.620000000000005,1,1,1.0
80,4,766.72,231.15,186.19999999999993,102.9,1,1,1.0
80,5,754.63,258.03,39.299999999999955,38.420000000000016,1,1,0.0
80,6,925.64,234.3,32.639999999999986,36.20999999999998,1,1,0.0
81,3,204.45,247.07,103.44999999999999,48.620000000000005,1,1,1.0
81,4,756.8,236.0,189.20000000000005,96.89999999999998,1,1,1.0
81,5,748.28,259.18,39.30000000000007,38.420000000000016,1,1,0.0
81,6,923.49,236.02,32.629999999999995,36.22,1,1,0.0
82,3,204.45,247.07,103.44999999999999,48.620000000000005,1,1,1.0
82,4,751.81,235.5,189.20000000000005,102.89999999999998,1,1,1.0
82,5,739.04,258.03,39.30000000000007,38.420000000000016,1,1,0.0
82,6,916.59,235.59,32.629999999999995,36.22,1,1,0.0
83,3,204.45,247.07,103.44999999999999,48.620000000000005,1,1,1.0
83,4,744.83,236.5,189.19999999999993,102.89999999999998,1,1,1.0
83,5,726.34,258.6,39.299999999999955,38.42999999999995,1,1,0.0
83,6,909.26,236.02,32.629999999999995,36.22,1,1,0.0
84,3,204.45,247.07,103.44999999999999,48.620000000000005,1,1,1.0
84,4,736.84,237.5,189.19999999999993,102.89999999999998,1,1,1.0
84,5,719.42,257.45,39.30000000000007,38.420000000000016,1,1,0.0
84,6,901.93,237.75,32.629999999999995,36.20999999999998,1,1,0.0
85,3,204.45,247.07,103.44999999999999,48.620000000000005,1,1,1.0
85,4,730.36,238.0,189.19999999999993,102.89999999999998,1,1,1.0
85,5,709.03,258.03,39.30000000000007,38.420000000000016,1,1,0.0
85,6,896.75,237.75,32.639999999999986,36.20999999999998,1,1,0.0
86,3,204.45,247.07,103.44999999999999,48.620000000000005,1,1,1.0
86,4,721.38,238.5,189.20000000000005,102.88999999999999,1,1,1.0
86,5,696.9,260.91,39.30000000000007,38.41999999999996,1,1,0.0
86,6,891.58,239.9,32.629999999999995,36.22,1,1,0.0
87,3,204.45,247.07,103.44999999999999,48.620000000000005,1,1,1.0
87,4,714.89,241.99,189.20000000000005,102.89999999999998,1,1,1.0
87,5,683.6,260.91,52.60000000000002,38.41999999999996,1,1,0.0
87,6,887.7,240.33,32.629999999999995,36.22,1,1,0.0
88,3,204.45,247.07,103.44999999999999,48.620000000000005,1,1,1.0
88,4,703.42,242.98,198.18000000000006,105.41999999999999,1,1,1.0
88,5,671.5,260.91,64.70000000000005,38.41999999999996,1,1,0.0
88,6,879.94,241.63,32.629999999999995,36.22000000000003,1,1,0.0
89,3,204.45,247.07,103.44999999999999,48.620000000000005,1,1,1.0
89,4,693.44,242.98,198.17999999999995,105.41999999999999,1,1,1.0
89,5,663.42,260.91,64.70000000000005,38.41999999999996,1,1,0.0
89,6,849.1,241.63,56.299999999999955,36.22000000000003,1,1,0.0
90,3,204.45,247.07,103.44999999999999,48.620000000000005,1,1,1.0
90,4,687.45,237.9,198.18999999999994,121.49999999999997,1,1,1.0
90,5,649.57,260.91,64.69999999999993,38.41999999999996,1,1,0.0
90,6,849.1,241.63,48.60000000000002,38.370000000000005,1,1,0.0
91,3,204.45,247.07,103.44999999999999,48.620000000000005,1,1,1.0
91,4,677.48,235.5,203.51999999999998,118.89999999999998,1,1,1.0
91,5,639.75,261.49,64.71000000000004,38.420000000000016,1,1,0.0
91,6,849.1,241.63,42.10000000000002,40.97000000000003,1,1,0.0
92,3,204.45,247.07,103.44999999999999,48.620000000000005,1,1,1.0
92,4,659.0,239.7,215.79999999999995,118.69999999999999,1,1,1.0
92,5,627.05,261.49,64.71000000000004,38.420000000000016,1,1,0.0
92,6,828.9,241.63,53.39999999999998,40.97000000000003,1,1,0.0
93,3,204.45,247.07,103.44999999999999,48.620000000000005,1,1,1.0
93,4,650.02,248.0,216.70000000000005,112.38999999999999,1,1,1.0
93,5,614.35,263.22,64.70999999999992,38.41999999999996,1,1,0.0
93,6,828.9,241.63,48.60000000000002,43.370000000000005,1,1,0.0
94,3,204.45,247.07,103.44999999999999,48.620000000000005,1,1,1.0
94,4,638.05,237.8,225.35000000000002,129.09999999999997,1,1,1.0
94,5,602.81,264.38,76.79000000000008,38.420000000000016,1,1,0.0
94,6,810.9,241.63,55.5,43.370000000000005,1,1,0.0
95,3,204.45,247.07,103.44999999999999,48.620000000000005,1,1,1.0
95,4,626.57,248.49,227.15999999999997,121.89999999999998,1,1,1.0
95,5,587.22,264.38,76.78999999999996,38.420000000000016,1,1,0.0
95,6,810.9,241.63,52.10000000000002,43.370000000000005,1,1,0.0
96,3,204.45,247.07,103.44999999999999,48.620000000000005,1,1,1.0
96,4,617.67,250.49,227.1500000000001,121.89999999999998,1,1,1.0
96,5,576.83,264.38,82.56999999999994,38.420000000000016,1,1,0.0
96,6,793.4,241.63,59.200000000000045,43.370000000000005,1,1,0.0
97,3,204.45,247.07,103.44999999999999,48.620000000000005,1,1,1.0
97,4,607.61,248.99,227.15999999999997,121.89999999999998,1,1,1.0
97,5,560.1,264.38,99.29999999999995,38.420000000000016,1,1,0.0
97,6,783.3,241.63,64.80000000000007,43.370000000000005,1,1,0.0
98,3,204.45,247.07,103.44999999999999,48.620000000000005,1,1,1.0
98,4,600.63,254.7,232.47000000000003,120.18,1,1,1.0
98,5,549.71,268.99,99.29999999999995,38.43000000000001,1,1,0.0
98,6,783.3,245.7,51.80000000000007,39.30000000000001,1,1,0.0
99,3,204.45,247.07,103.44999999999999,48.620000000000005,1,1,1.0
99,4,581.19,252.6,245.51,129.14000000000001,1,1,1.0
99,5,534.12,267.26,99.30999999999995,38.420000000000016,1,1,0.0
99,6,766.2,245.7,62.59999999999991,39.30000000000001,1,1,0.0
100,3,204.45,247.07,103.44999999999999,48.620000000000005,1,1,1.0
100,4,570.7,260.7,240.0999999999999,119.17000000000002,1,1,1.0
100,5,520.85,267.26,99.29999999999995,38.420000000000016,1,1,0.0
100,6,745.3,245.7,72.70000000000005,39.30000000000001,1,1,0.0
101,3,204.45,247.07,103.44999999999999,48.620000000000005,1,1,1.0
101,4,549.3,258.3,253.60000000000002,124.56,1,1,1.0
101,5,509.88,267.26,99.29999999999995,38.420000000000016,1,1,0.0
101,6,731.5,245.7,74.60000000000002,39.30000000000001,1,1,0.0
102,3,204.45,247.07,103.44999999999999,48.620000000000005,1,1,1.0
102,4,545.8,261.6,253.9000000000001,124.29999999999995,1,1,1.0
102,5,495.45,269.57,99.30000000000001,38.420000000000016,1,1,0.0
102,6,731.5,245.7,64.79999999999995,39.30000000000001,1,1,0.0
103,3,204.45,247.07,103.44999999999999,48.620000000000005,1,1,1.0
103,4,522.25,256.26,270.9,137.64,1,1,1.0
103,5,479.28,270.72,102.76999999999998,38.42999999999995,1,1,0.0
103,6,715.7,245.7,71.69999999999993,39.30000000000001,1,1,0.0
104,3,204.45,247.07,103.44999999999999,48.620000000000005,1,1,1.0
104,4,515.9,263.9,264.70000000000005,126.5,1,1,1.0
104,5,463.1,271.88,106.25,38.420000000000016,1,1,0.0
104,6,703.2,249.9,74.79999999999995,35.099999999999994,1,1,0.0
104,7,950.09,223.17,9.909999999999968,46.140000000000015,1,1,1.0
105,3,204.45,247.07,103.44999999999999,48.620000000000005,1,1,1.0
105,4,485.0,264.2,286.20000000000005,139.90000000000003,1,1,1.0
105,5,455.02,271.3,106.25,38.420000000000016,1,1,0.0
105,6,692.2,249.9,76.39999999999998,35.099999999999994,1,1,0.0
105,7,941.0,223.17,19.0,46.140000000000015,1,1,1.0
106,3,204.45,247.07,103.44999999999999,48.620000000000005,1,1,1.0
106,4,472.31,264.4,287.09,139.03000000000003,1,1,1.0
106,5,438.28,271.3,106.25,38.420000000000016,1,1,0.0
106,6,677.4,249.9,79.80000000000007,35.099999999999994,1,1,0.0
106,7,938.0,223.17,22.0,46.140000000000015,1,1,1.0
107,3,204.45,247.07,103.44999999999999,48.620000000000005,1,1,1.0
107,4,455.11,264.6,299.18999999999994,143.51,1,1,1.0
107,5,424.43,271.88,106.24999999999994,41.31999999999999,1,1,0.0
107,6,664.9,249.9,82.70000000000005,35.099999999999994,1,1,0.0
107,7,935.8,209.8,24.200000000000045,59.50999999999999,1,1,1.0
108,3,204.45,247.07,103.44999999999999,48.620000000000005,1,1,1.0
108,4,445.55,267.3,296.55,138.14,1,1,1.0
108,5,412.88,271.88,106.25999999999999,41.31999999999999,1,1,0.0
108,6,650.43,250.9,85.67000000000007,35.099999999999994,1,1,0.0
108,7,933.2,209.8,26.799999999999955,59.50999999999999,1,1,1.0
109,3,204.45,247.07,103.44999999999999,48.620000000000005,1,1,1.0
109,4,426.18,270.2,305.82,147.3,1,1,1.0
109,5,398.45,272.46,106.25,41.31999999999999,1,1,0.0
109,6,627.5,250.9,98.60000000000002,35.099999999999994,1,1,0.0
109,7,928.0,209.8,32.0,59.50999999999999,1,1,1.0
110,3,204.45,247.07,103.44999999999999,48.620000000000005,1,1,1.0
110,4,408.15,271.8,313.55000000000007,154.38,1,1,1.0
110,5,385.17,273.03,106.25999999999999,41.32000000000005,1,1,0.0
110,6,613.0,250.9,101.70000000000005,35.099999999999994,1,1,0.0
110,7,922.8,209.8,37.200000000000045,64.19999999999999,1,1,1.0
111,3,204.45,247.07,103.44999999999999,48.620000000000005,1,1,1.0
111,4,392.78,273.08,320.72,157.02000000000004,1,1,1.0
111,5,368.44,275.34,113.75999999999999,41.32000000000005,1,1,0.0
111,6,604.1,250.9,98.39999999999998,35.099999999999994,1,1,0.0
111,7,920.6,209.8,39.39999999999998,64.19999999999999,1,1,1.0
112,3,204.45,247.07,103.44999999999999,48.620000000000005,1,1,1.0
112,4,379.43,276.3,324.46999999999997,157.89999999999998,1,1,1.0
112,5,354.0,274.76,113.76999999999998,41.329999999999984,1,1,0.0
112,6,589.3,253.7,101.20000000000005,32.30000000000001,1,1,0.0
112,7,915.9,209.8,44.10000000000002,64.19999999999999,1,1,1.0
113,3,204.45,247.07,103.44999999999999,48.620000000000005,1,1,1.0
113,4,353.15,276.6,342.75,159.09999999999997,1,1,1.0
113,5,341.31,276.5,113.75999999999999,41.31999999999999,1,1,0.0
113,6,575.1,253.7,103.39999999999998,32.30000000000001,1,1,0.0
113,7,908.1,209.8,51.89999999999998,64.19999999999999,1,1,1.0
114,3,204.45,247.07,103.44999999999999,48.620000000000005,1,1,1.0
114,4,336.15,278.9,348.65,163.8,1,1,1.0
114,5,325.72,279.96,113.76999999999998,41.31999999999999,1,1,0.0
114,6,560.6,253.7,106.5,32.30000000000001,1,1,0.0
114,7,903.8,209.8,56.200000000000045,64.19999999999999,1,1,1.0
115,3,204.45,247.07,103.44999999999999,48.620000000000005,1,1,1.0
115,4,313.74,276.8,362.55999999999995,174.39999999999998,1,1,1.0
115,5,310.14,280.54,113.75999999999999,41.31999999999999,1,1,0.0
115,6,543.9,253.7,108.70000000000005,32.30000000000001,1,1,0.0
115,7,903.8,210.23,56.200000000000045,64.20000000000002,1,1,1.0
116,3,204.45,247.07,103.44999999999999,48.620000000000005,1,1,1.0
116,4,295.2,282.08,362.56,175.3,1,1,1.0
116,5,298.01,280.54,113.76999999999998,41.31999999999999,1,1,0.0
116,6,536.4,254.2,103.20000000000005,31.80000000000001,1,1,0.0
116,7,896.5,210.23,63.5,64.20000000000002,1,1,1.0
117,3,204.45,247.07,103.44999999999999,48.620000000000005,1,1,1.0
117,4,270.2,282.08,387.56,175.3,1,1,1.0
117,5,282.43,280.54,113.75999999999999,41.31999999999999,1,1,0.0
117,6,519.7,258.2,119.89999999999998,40.5,1,1,0.0
117,7,890.0,210.23,70.0,64.20000000000002,1,1,1.0
118,3,204.45,247.07,103.44999999999999,48.620000000000005,1,1,1.0
118,4,249.64,282.08,387.55000000000007,184.22000000000003,1,1,1.0
118,5,263.38,285.16,118.36000000000001,41.31999999999999,1,1,0.0
118,6,501.81,258.2,119.90000000000003,40.5,1,1,0.0
118,7,884.8,210.23,75.20000000000005,68.97,1,1,1.0
119,3,204.45,247.07,103.44999999999999,48.620000000000005,1,1,1.0
119,4,238.01,282.98,387.56000000000006,187.82,1,1,1.0
119,5,248.95,283.42,118.36000000000001,41.31999999999999,1,1,0.0
119,6,484.49,261.66,119.89999999999998,40.5,1,1,0.0
119,7,879.6,210.23,80.39999999999998,68.97,1,1,1.0
120,3,204.45,247.07,103.44999999999999,48.620000000000005,1,1,1.0
120,4,217.45,284.77,396.45,187.82,1,1,1.0
120,5,232.79,285.16,118.35,41.31999999999999,1,1,0.0
120,6,471.21,261.66,119.90000000000003,40.5,1,1,0.0
120,7,874.0,210.66,80.38999999999999,68.97,1,1,1.0
121,3,204.45,247.07,103.44999999999999,48.620000000000005,1,1,1.0
121,4,192.41,287.45,408.99,197.65000000000003,1,1,1.0
121,5,217.2,285.73,118.36000000000001,41.31999999999999,1,1,0.0
121,6,459.67,261.66,119.90000000000003,40.5,1,1,0.0
121,7,870.11,211.96,80.39999999999998,68.97,1,1,1.0
122,3,204.45,247.07,103.44999999999999,48.620000000000005,1,1,1.0
122,4,166.49,289.27,433.11,199.5,1,1,1.0
122,5,203.93,287.46,118.34999999999997,48.84000000000003,1,1,0.0
122,6,445.82,261.66,119.90000000000003,40.5,1,1,0.0
122,7,866.23,212.82,80.39999999999998,68.97000000000003,1,1,1.0
123,3,204.45,247.07,103.44999999999999,48.620000000000005,1,1,1.0
123,4,130.72,292.8,442.0799999999999,201.27999999999997,1,1,1.0
123,5,186.61,285.16,118.36000000000001,48.829999999999984,1,1,0.0
123,6,431.96,262.82,119.90000000000003,40.5,1,1,0.0
123,7,854.6,213.25,85.13999999999999,68.97000000000003,1,1,1.0
124,3,204.45,247.07,103.44999999999999,48.620000000000005,1,1,1.0
124,4,113.85,296.72,449.18999999999994,205.71999999999997,1,1,1.0
124,5,166.66,284.66,127.34,48.829999999999984,1,1,1.0
124,6,417.53,263.97,119.89999999999998,40.5,1,1,0.0
124,7,851.15,214.54,85.13,68.97,1,1,1.0
125,3,204.45,247.07,103.44999999999999,48.620000000000005,1,1,1.0
125,4,89.59,298.2,459.90999999999997,216.44,1,1,1.0
125,5,150.69,286.65,127.35000000000002,48.84000000000003,1,1,1.0
125,6,403.68,265.13,119.90000000000003,46.870000000000005,1,1,0.0
125,7,845.11,215.4,85.13999999999999,68.97,1,1,1.0
126,3,204.45,247.07,103.44999999999999,48.620000000000005,1,1,1.0
126,4,59.19,298.2,476.01000000000005,220.90000000000003,1,1,1.0
126,5,132.23,288.15,127.35,48.84000000000003,1,1,1.0
126,6,390.98,265.71,119.89999999999998,46.870000000000005,1,1,0.0
126,7,840.8,217.13,85.1400000000001,68.97000000000003,1,1,1.0
127,3,204.45,247.07,103.44999999999999,48.620000000000005,1,1,1.0
127,4,34.16,295.5,493.94000000000005,229.89999999999998,1,1,1.0
127,5,113.77,292.14,127.35000000000001,48.84000000000003,1,1,1.0
127,6,377.7,266.28,119.90000000000003,46.870000000000005,1,1,0.0
127,7,832.61,216.27,90.76999999999998,68.97,1,1,1.0
128,3,204.45,247.07,103.44999999999999,48.620000000000005,1,1,1.0
128,4,6.44,299.97,499.26,233.42999999999995,1,1,1.0
128,5,96.81,293.14,127.35,48.83000000000004,1,1,1.0
128,6,362.12,266.86,119.89999999999998,46.870000000000005,1,1,0.0
128,7,827.87,216.27,90.75999999999999,68.97,1,1,1.0
129,3,204.45,247.07,103.44999999999999,48.620000000000005,1,1,1.0
129,4,0.0,306.23,498.55,233.42999999999995,1,1,1.0
129,5,78.85,295.63,127.35,48.84000000000003,1,1,1.0
129,6,344.22,268.59,119.89999999999998,46.870000000000005,1,1,0.0
129,7,822.26,217.56,90.76999999999998,68.96999999999997,1,1,1.0
130,3,204.45,247.07,103.44999999999999,48.620000000000005,1,1,1.0
130,4,0.0,306.73,472.5,233.26999999999998,1,1,1.0
130,5,60.89,296.13,131.31,48.84000000000003,1,1,0.0
130,6,332.68,266.9,119.89999999999998,53.18000000000001,1,1,0.0
130,7,814.21,217.56,99.78999999999996,68.96999999999997,1,1,1.0
131,3,204.45,247.07,103.44999999999999,48.620000000000005,1,1,1.0
131,4,0.5,306.23,455.6,233.42999999999995,1,1,1.0
131,5,39.94,296.63,133.76,48.84000000000003,1,1,1.0
131,6,315.94,270.36,119.89999999999998,53.18000000000001,1,1,0.0
131,7,803.9,218.21,99.79000000000008,68.96000000000001,1,1,1.0
132,3,204.45,247.07,103.44999999999999,48.620000000000005,1,1,1.0
132,4,0.0,306.23,444.9,233.42999999999995,1,1,1.0
132,5,20.98,300.12,133.76000000000002,48.839999999999975,1,1,1.0
132,6,300.93,269.79,125.07,53.18000000000001,1,1,0.0
132,7,799.07,219.17,99.78999999999996,68.97,1,1,1.0
133,3,204.45,247.07,103.44999999999999,48.620000000000005,1,1,1.0
133,4,0.0,306.23,430.6,233.42999999999995,1,1,1.0
133,5,3.52,302.12,133.76,48.839999999999975,1,1,1.0
133,6,283.04,272.1,125.07,53.17999999999995,1,1,0.0
133,7,791.66,219.49,99.79000000000008,68.96999999999997,1,1,1.0
133,8,669.66,529.05,65.81000000000006,10.950000000000045,1,1,1.0
134,3,204.45,247.07,103.44999999999999,48.620000000000005,1,1,1.0
134,4,0.0,320.5,410.9,219.15999999999997,1,1,1.0
134,5,0.03,303.62,118.27,48.829999999999984,1,1,1.0
134,6,267.45,272.67,125.07,53.18000000000001,1,1,0.0
134,7,784.26,220.14,99.77999999999997,68.97000000000003,1,1,1.0
134,8,669.66,529.05,106.24000000000001,10.950000000000045,1,1,1.0
135,3,204.45,247.07,103.44999999999999,48.620000000000005,1,1,1.0
135,4,0.0,322.5,389.4,217.5,1,1,1.0
135,5,0.03,303.62,102.27,48.829999999999984,1,1,1.0
135,6,252.44,274.4,125.07,53.18000000000001,1,1,0.0
135,7,780.07,219.49,99.78999999999996,68.96999999999997,1,1,1.0
135,8,669.66,521.5,127.04000000000008,18.5,1,1,1.0
136,3,204.45,247.07,103.44999999999999,48.620000000000005,1,1,0.0
136,4,0.0,320.5,374.2,219.15999999999997,1,1,1.0
136,5,0.03,303.62,83.77,55.77999999999997,1,1,1.0
136,6,236.28,274.98,125.07000000000002,53.18000000000001,1,1,0.0
136,7,775.56,220.46,99.79000000000008,68.97,1,1,1.0
136,8,669.66,514.0,148.94000000000005,26.0,1,1,1.0
137,3,204.7,247.32,103.44999999999999,48.620000000000005,1,1,0.0
137,4,0.0,325.86,361.7,214.14,1,1,1.0
137,5,0.03,303.62,65.77,55.77999999999997,1,1,1.0
137,6,218.39,276.14,125.07,53.18000000000001,1,1,0.0
137,7,767.19,222.07,99.77999999999997,68.97000000000003,1,1,1.0
137,8,689.9,505.9,144.30000000000007,34.10000000000002,1,1,1.0
138,3,204.95,247.57,103.44999999999999,48.620000000000005,1,1,0.0
138,4,0.0,325.86,338.5,214.14,1,1,1.0
138,5,0.03,303.62,45.769999999999996,55.77999999999997,1,1,1.0
138,6,207.42,279.02,125.07000000000002,53.18000000000001,1,1,0.0
138,7,761.07,222.07,99.78999999999996,68.97000000000003,1,1,1.0
138,8,689.9,500.7,156.39999999999998,39.30000000000001,1,1,1.0
139,3,205.2,247.82,103.44999999999999,48.620000000000005,1,1,0.0
139,4,0.0,329.4,321.5,210.60000000000002,1,1,1.0
139,5,0.03,303.62,28.77,55.77999999999997,1,1,1.0
139,6,187.79,280.18,125.07000000000002,53.18000000000001,1,1,0.0
139,7,752.69,223.04,99.78999999999996,68.97,1,1,1.0
139,8,689.9,496.7,166.20000000000005,43.30000000000001,1,1,1.0
140,3,205.45,248.07,103.44999999999999,48.620000000000005,1,1,0.0
140,4,0.0,336.6,289.3,203.39999999999998,1,1,1.0
140,5,0.03,303.62,9.270000000000001,55.77999999999997,1,1,1.0
140,6,170.51,279.99,131.78000000000003,53.870000000000005,1,1,0.0
140,7,742.71,223.68,106.24000000000001,68.96999999999997,1,1,1.0
140,8,714.7,489.2,156.39999999999998,50.80000000000001,1,1,1.0
141,3,205.7,248.32,103.44999999999999,48.620000000000005,1,1,0.0
141,4,0.0,341.1,272.3,198.89999999999998,1,1,1.0
141,6,153.15,284.67,131.78,53.870000000000005,1,1,0.0
141,7,738.14,224.4,106.23000000000002,68.97,1,1,1.0
141,8,714.7,484.6,158.69999999999993,55.39999999999998,1,1,1.0
142,3,205.95,248.57,103.44999999999999,48.620000000000005,1,1,0.0
142,4,0.0,346.4,253.5,193.60000000000002,1,1,1.0
142,6,132.44,286.0,131.78000000000003,53.870000000000005,1,1,0.0
142,7,730.92,225.36,106.24000000000001,68.96999999999997,1,1,1.0
142,8,734.9,480.0,147.20000000000005,60.0,1,1,1.0
143,3,206.2,248.82,103.44999999999999,48.620000000000005,1,1,0.0
143,4,0.0,347.4,235.6,192.60000000000002,1,1,1.0
143,6,116.41,286.67,131.79,53.870000000000005,1,1,0.0
143,7,723.22,225.85,106.24000000000001,68.97,1,1,1.0
143,8,750.5,468.5,141.39999999999998,71.5,1,1,1.0
144,3,206.45,249.07,103.44999999999999,48.620000000000005,1,1,0.0
144,4,0.0,347.4,212.4,192.60000000000002,1,1,1.0
144,6,101.72,283.34,141.81,64.55000000000001,1,1,0.0
144,7,714.56,226.81,106.24000000000001,68.96999999999997,1,1,1.0
144,8,756.3,468.5,143.10000000000002,71.5,1,1,1.0
145,3,206.45,249.07,103.44999999999999,48.620000000000005,1,1,0.0
145,4,0.0,355.4,189.2,184.60000000000002,1,1,1.0
145,6,81.02,283.34,141.81,64.55000000000001,1,1,0.0
145,7,708.78,227.53,106.24000000000001,68.97,1,1,1.0
145,8,756.3,461.6,151.20000000000005,78.39999999999998,1,1,1.0
146,3,206.45,249.07,103.44999999999999,48.620000000000005,1,1,0.0
146,4,0.0,355.4,165.1,184.60000000000002,1,1,1.0
146,6,63.65,284.01,141.81,64.55000000000001,1,1,1.0
146,7,697.0,226.81,112.73000000000002,68.96999999999997,1,1,1.0
146,8,766.11,461.6,151.19999999999993,78.39999999999998,1,1,1.0
147,3,206.45,249.07,103.44999999999999,48.620000000000005,1,1,1.0
147,4,0.0,363.4,140.1,176.60000000000002,1,1,1.0
147,6,46.29,286.01,141.81,64.55000000000001,1,1,1.0
147,7,688.58,225.4,112.7299999999999,72.78,1,1,1.0
147,8,784.6,451.2,141.94999999999993,88.21999999999997,1,1,1.0
148,3,206.43,249.07,103.44999999999999,48.620000000000005,1,1,1.0
148,4,0.0,373.2,111.5,166.8,1,1,1.0
148,6,27.59,284.68,141.81,64.55000000000001,1,1,1.0
148,7,680.64,226.12,112.73000000000002,72.79000000000002,1,1,1.0
148,8,789.22,449.47,141.94999999999993,88.22000000000003,1,1,1.0
149,3,206.41,249.07,103.44000000000003,48.620000000000005,1,1,1.0
149,4,0.0,377.7,83.8,162.3,1,1,1.0
149,6,12.9,289.35,141.81,64.54999999999995,1,1,1.0
149,7,674.62,226.12,112.73000000000002,72.79000000000002,1,1,1.0
149,8,794.99,446.58,141.95000000000005,88.22999999999996,1,1,1.0
150,3,206.38,249.07,103.44999999999999,48.620000000000005,1,1,1.0
150,4,0.0,389.3,54.3,150.7,1,1,1.0
150,6,0.21,290.02,141.81,64.55000000000001,1,1,1.0
150,7,666.83,225.57,112.7299999999999,72.78000000000003,1,1,1.0
150,8,801.92,440.81,141.94000000000005,88.21999999999997,1,1,1.0
151,3,206.36,249.07,103.44999999999999,48.620000000000005,1,1,1.0
151,4,0.0,397.3,24.8,142.7,1,1,1.0
151,6,0.21,290.02,120.39,64.55000000000001,1,1,1.0
151,7,656.25,228.35,112.73000000000002,72.78,1,1,1.0
151,8,810.57,436.77,141.94999999999993,88.22000000000003,1,1,1.0
152,3,206.34,249.07,103.45000000000002,48.620000000000005,1,1,1.0
152,6,0.21,290.02,102.99000000000001,64.55000000000001,1,1,1.0
152,7,646.79,226.68,112.73000000000002,72.77999999999997,1,1,1.0
152,8,827.9,433.31,131.55000000000007,88.21999999999997,1,1,1.0
153,3,206.31,249.07,103.44999999999999,48.620000000000005,1,1,1.0
153,6,0.21,290.02,84.99000000000001,64.55000000000001,1,1,1.0
153,7,640.11,228.35,112.73000000000002,72.78,1,1,1.0
153,8,838.3,426.96,120.57000000000005,88.21999999999997,1,1,1.0
154,3,206.29,249.07,103.45000000000002,48.620000000000005,1,1,1.0
154,6,0.21,290.02,68.29,64.55000000000001,1,1,1.0
154,7,628.42,226.4,117.98000000000002,76.11999999999998,1,1,1.0
154,8,846.3,426.96,112.57000000000005,77.24000000000001,1,1,1.0
155,3,206.27,249.07,103.45000000000002,48.620000000000005,1,1,1.0
155,6,0.21,290.02,50.29,64.55000000000001,1,1,1.0
155,7,618.12,226.4,117.98000000000002,76.11999999999998,1,1,1.0
155,8,846.3,415.4,112.57000000000005,88.80000000000001,1,1,1.0
156,3,206.25,249.07,103.44,48.620000000000005,1,1,1.0
156,6,0.21,290.02,28.29,64.55000000000001,1,1,1.0
156,7,610.04,226.96,117.99000000000001,76.11999999999998,1,1,1.0
156,8,862.5,415.4,96.37,88.80000000000001,1,1,1.0
157,3,206.22,249.07,103.45000000000002,48.620000000000005,1,1,1.0
157,6,0.21,290.02,12.29,64.55000000000001,1,1,1.0
157,7,599.41,228.89,123.79000000000008,76.12,1,1,1.0
157,8,865.39,410.78,94.61000000000001,83.02000000000004,1,1,1.0
158,3,206.2,249.07,103.44999999999999,48.620000000000005,1,1,1.0
158,7,591.04,230.5,123.79000000000008,76.12,1,1,1.0
158,8,881.0,410.78,79.0,77.82000000000005,1,1,1.0
159,3,206.18,249.07,103.44,48.620000000000005,1,1,1.0
159,7,578.48,231.14,123.78999999999996,76.13,1,1,1.0
159,8,881.0,407.32,79.0,77.82,1,1,1.0
160,3,206.15,249.07,103.45000000000002,48.620000000000005,1,1,1.0
160,7,568.82,230.18,123.77999999999997,76.12,1,1,1.0
160,8,889.7,405.01,70.29999999999995,72.59000000000003,1,1,1.0
161,3,206.13,249.07,103.44999999999999,48.620000000000005,1,1,1.0
161,7,558.51,230.82,123.78999999999996,76.13,1,1,1.0
161,8,896.0,398.66,64.0,72.58999999999997,1,1,1.0
162,3,206.11,249.07,103.44999999999999,48.620000000000005,1,1,1.0
162,7,550.14,231.14,123.77999999999997,76.13,1,1,1.0
162,8,905.2,398.66,54.799999999999955,72.58999999999997,1,1,1.0
163,3,206.08,249.07,103.44999999999996,48.620000000000005,1,1,1.0
163,7,539.83,232.43,123.78999999999996,76.13,1,1,0.0
163,8,913.9,392.3,46.10000000000002,71.39999999999998,1,1,1.0
164,3,206.06,249.07,103.44999999999999,48.620000000000005,1,1,1.0
164,7,525.34,235.01,130.55999999999995,76.12,1,1,0.0
164,8,917.05,392.3,42.950000000000045,68.5,1,1,1.0
165,3,206.04,249.07,103.45000000000002,48.620000000000005,1,1,1.0
165,7,517.28,234.36,130.57000000000005,76.13,1,1,0.0
165,8,920.2,392.3,39.799999999999955,65.59999999999997,1,1,1.0
166,3,206.02,249.07,103.43999999999997,48.620000000000005,1,1,1.0
166,7,503.44,235.01,130.56,76.12,1,1,0.0
166,8,920.78,384.8,39.22000000000003,65.59999999999997,1,1,1.0
167,3,205.99,249.07,103.44999999999999,48.620000000000005,1,1,1.0
167,7,492.48,234.68,130.56999999999994,76.13,1,1,0.0
167,8,930.6,384.8,29.399999999999977,65.59999999999997,1,1,1.0
168,3,205.97,249.07,103.45000000000002,48.620000000000005,1,1,1.0
168,7,482.42,236.55,130.57,76.12,1,1,0.0
168,8,936.4,384.8,23.600000000000023,65.59999999999997,1,1,1.0
169,3,205.95,249.07,103.44,48.620000000000005,1,1,1.0
169,7,474.22,237.29,130.56999999999994,76.13000000000002,1,1,0.0
169,8,944.5,384.8,15.5,65.59999999999997,1,1,1.0
170,3,205.92,249.07,103.45000000000002,48.620000000000005,1,1,1.0
170,7,461.55,233.9,138.05,81.37999999999997,1,1,0.0
170,8,948.5,384.8,11.5,65.59999999999997,1,1,1.0
171,3,205.9,249.07,103.45000000000002,48.620000000000005,1,1,1.0
171,7,446.65,236.51,138.04000000000008,81.38,1,1,0.0
171,8,951.4,384.8,8.600000000000023,65.59999999999997,1,1,1.0
172,3,205.88,249.07,103.44999999999999,48.620000000000005,1,1,1.0
172,7,435.1,238.0,138.03999999999996,81.38,1,1,0.0
173,3,205.85,249.07,103.45000000000002,48.620000000000005,1,1,1.0
173,7,425.78,236.88,138.05000000000007,81.38,1,1,0.0
174,3,205.83,249.07,103.44999999999996,48.620000000000005,1,1,1.0
174,7,412.74,238.0,138.03999999999996,81.38,1,1,0.0
175,3,205.81,249.07,103.44999999999999,48.620000000000005,1,1,1.0
175,7,403.79,236.51,138.05,81.38,1,1,0.0
176,3,205.79,249.07,103.44000000000003,48.620000000000005,1,1,1.0
176,7,388.51,237.3,142.19000000000005,83.57,1,1,0.0
177,3,205.76,249.07,103.44999999999999,48.620000000000005,1,1,1.0
177,7,375.1,238.79,142.17999999999995,83.57000000000002,1,1,0.0
178,3,205.74,249.07,103.44999999999999,48.620000000000005,1,1,1.0
178,7,366.9,239.91,142.19,83.57000000000002,1,1,0.0
179,3,205.72,249.07,103.44000000000003,48.620000000000005,1,1,1.0
179,7,353.86,240.65,142.18,83.57000000000002,1,1,0.0
180,3,205.69,249.07,103.44999999999999,48.620000000000005,1,1,1.0
180,7,345.16,237.75,142.19,83.57,1,1,0.0
181,3,205.67,249.07,103.45000000000002,48.620000000000005,1,1,1.0
181,7,334.53,239.36,142.19000000000005,83.57999999999998,1,1,0.0
182,3,205.65,249.07,103.45000000000002,48.620000000000005,1,1,1.0
182,7,319.72,239.36,142.17999999999995,83.57999999999998,1,1,0.0
183,3,205.62,249.07,103.44999999999999,48.620000000000005,1,1,1.0
183,7,311.02,240.65,142.19,83.57000000000002,1,1,0.0
184,3,205.6,249.07,103.45000000000002,48.620000000000005,1,1,1.0
184,7,301.68,240.33,142.19,83.56999999999996,1,1,0.0
185,3,205.58,249.07,103.44999999999996,48.620000000000005,1,1,1.0
185,7,287.83,242.59,142.19,83.57000000000002,1,1,0.0
186,3,205.56,249.07,103.44,48.620000000000005,1,1,1.0
186,7,279.13,241.94,142.19,83.57,1,1,0.0
187,3,205.53,249.07,103.45000000000002,48.620000000000005,1,1,1.0
187,7,262.4,242.26,146.36,83.57999999999998,1,1,0.0
188,3,205.51,249.07,103.44999999999999,48.620000000000005,1,1,1.0
188,7,253.38,242.26,146.36,83.57999999999998,1,1,0.0
189,3,205.49,249.07,103.44,48.620000000000005,1,1,1.0
189,7,237.0,242.91,152.11,83.57000000000002,1,1,0.0
190,3,205.49,249.07,103.44,48.620000000000005,1,1,1.0
190,7,226.37,244.84,152.11,83.57000000000002,1,1,0.0
